*Network ""
*Vertices	16
     1 "Ana"
     2 "Berta"
     3 "Cilka"
     4 "Dani"
     5 "Ema"
     6 "Fanči"
     7 "Gorazd"
     8 "Henrik"
     9 "Ivan"
    10 "Janez"
    11 "Karel"
    12 "Lojze"
    13 "Marjan"
    14 "Niko"
    15 "Osvald"
    16 "Peter"
*Arcs
     1      2 0.200257
     1      3 0.244844
     1      4 0.172231
     2      1 0.200257
     2      3 0.153174
     2      4 0.172231
     3      1 0.244844
     3      2 0.153174
     3      4 0.348070
     4      1 0.172231
     4      2 0.172231
     4      3 0.348070
     5      1 0.153174
     5      3 0.129155
     5      6 0.139458
     6      1 0.172231
     6      5 0.139458
     6      7 0.153174
     7      3 0.139458
     7      6 0.153174
     7     13 0.139458
     8      9 0.105250
     8     12 0.100000
     8     15 0.153174
     9      8 0.105250
     9     12 0.139458
     9     15 0.105250
    10     11 0.209405
    10     12 0.100000
    10     15 0.153174
    11     10 0.209405
    11     13 0.129155
    11     14 0.129155
    12      8 0.100000
    12      9 0.139458
    12     15 0.139458
    13      7 0.139458
    13     11 0.129155
    13     14 0.129155
    14      8 0.100000
    14     11 0.129155
    14     13 0.129155
    15      8 0.153174
    15     10 0.153174
    15     12 0.139458
    16      1 0.105250
    16      4 0.100000
    16      5 0.129155
